Mega-Garchomp 108 170 115 120 95 92
Mega-Tyranitar 100 164 150 95 120 71
Regigigas 110 160 110 80 110 100
Slaking 150 160 100 95 65 100
Kyurem 125 130 90 130 90 95
Mega-Gyarados 95 155 109 70 130 81
Mega-Charizard-X 78 130 111 130 85 100
Mega-Charizard-Y 78 104 78 159 115 100
Mega-Aggron 70 140 230 60 80 50
Mega-Blastoise 79 103 120 135 115 78
Mega-Blaziken 80 160 80 130 80 100
Mega-Lucario 70 145 88 140 70 112
Mega-Venusaur 80 100 123 122 120 80
Mega-Gardevoir 68 85 65 165 135 100
Mega-Aerodactyl 80 135 85 70 95 150
Mega-Ampharos 90 95 105 165 110 45
Celebi 100 100 100 100 100 100
Cresselia 120 70 120 75 130 85
Diancie 50 100 150 100 150 50
Dragonite 91 134 95 100 100 80
Garchomp 108 130 95 80 85 102
Goodra 90 100 70 110 150 80
Heatran 91 90 106 130 106 77
Hoopa 80 110 60 150 130 70
Hydreigon 92 105 90 125 90 98
Jirachi 100 100 100 100 100 100
Landorus 89 145 90 105 80 91
Latias 80 80 90 110 130 110
Latios 80 90 80 130 110 110
Manaphy 100 100 100 100 100 100
Mega-Heracross 80 185 115 40 105 75
Mega-Houndoom 75 90 90 140 90 115
Mega-Pinsir 65 155 120 65 90 105
Mega-Scizor 70 150 140 65 100 75
Metagross 80 135 130 95 90 70
Mew 100 100 100 100 100 100
Salamence 95 135 80 110 80 100
Shaymin 100 100 100 100 100 100
Tyranitar 100 134 110 95 100 61
Victini 100 100 100 100 100 100
Zygarde 108 100 121 81 95 95
Mega-Abomasnow 90 132 105 132 105 30
Mega-Alakazam 55 50 65 175 95 150
Mega-Kangaskhan 105 125 100 60 100 100
Articuno 90 85 100 95 125 85
Azelf 75 125 70 125 70 115
Cobalion 91 90 129 90 72 108
Entei 115 115 85 90 75 100
Keldeo 91 72 90 129 90 108
Mesprit 80 105 105 105 105 80
Moltres 90 100 90 125 85 90
Raikou 90 85 75 115 100 115
Regice 80 50 100 100 200 50
Regirock 80 100 200 50 100 50
Registeel 80 75 150 75 150 50
Suicune 100 75 115 90 115 85
Terrakion 91 129 90 72 90 108
Thundurus 79 115 70 125 80 111
Tornadu 79 115 70 125 80 111
Tornadus-Therian 79 100 80 110 90 121
Uxie 75 75 130 75 130 95
Virizion 91 90 72 90 129 108
Zapdos 90 90 85 125 90 100
Mega-Manectric 70 75 80 135 80 135
Archeops 75 140 65 112 65 110
Mega-Absol 65 150 60 115 60 115
Arcanine 90 110 80 100 80 95
Mega-Banette 64 165 75 93 83 75
Florges 78 65 68 112 154 75
Volcarona 85 60 65 135 105 100
Togekiss 85 50 95 120 115 80
Blissey 255 10 10 75 135 55
Electivire 75 123 67 95 85 95
Gyarados 95 125 79 60 100 81
Haxorus 76 147 90 60 70 97
Kingdra 75 95 95 95 95 85
Magmortar 75 95 67 125 95 83
Milotic 95 60 79 100 125 81
Snorlax 160 110 65 65 110 30
Crobat 85 90 80 70 80 130
Lapras 130 85 80 85 95 60
Magnezone 70 70 115 130 90 60
Noivern 85 70 80 97 80 123
Porygon-Z 85 80 70 135 75 90
Rhyperior 115 140 130 55 55 40
Swampert 100 110 90 85 90 60
Tangrowth 100 100 125 110 50 50
Vanilluxe 71 95 85 110 95 79
Charizard 78 84 78 109 85 100
Delphox 75 69 72 114 100 104
Infernape 76 104 71 104 71 108
Typhlosion 78 84 78 109 85 100
Gogoat 123 100 62 97 81 68
Aggron 70 110 180 60 60 50
Blastoise 79 83 100 85 105 78
Blaziken 80 120 70 110 70 80
Chesnaught 88 107 122 74 75 64
Empoleon 84 86 88 111 101 60
Feraligatr 85 105 100 79 83 78
Greninja 72 95 67 103 71 122
Mamoswine 110 130 80 70 60 80
Sceptile 70 85 65 105 85 120
Walrein 110 80 90 95 90 65
Emboar 110 123 65 100 65 65
Samurott 95 100 85 108 70 70
Serperior 75 75 95 75 95 113
Cloyster 50 95 180 85 45 70
Dusknoir 45 100 135 65 135 45
Espeon 65 65 60 130 95 110
Flareon 65 130 60 95 110 65
Glaceon 65 60 110 130 95 65
Hippowdon 108 112 118 68 72 47
Jolteon 65 65 60 110 95 130
Leafeon 65 110 130 60 65 95
Lucario 70 110 70 115 70 90
Meganium 80 82 100 83 100 80
Probopass 60 55 145 75 150 40
Sylveon 95 65 65 110 130 60
Torterra 95 109 105 75 85 56
Umbreon 95 65 110 60 130 65
Vaporeon 130 65 60 110 95 65
Venusaur 80 82 83 100 100 80
Luxray 80 120 79 95 79 70
Aurorus 123 77 72 99 92 58
Tyrantrum 82 121 119 69 59 71
Chandelure 60 55 90 145 90 80
Exeggutor 95 95 85 125 65 55
Flygon 80 100 80 80 80 100
Klinklang 60 100 115 70 85 90
Rotom-Heat 50 65 107 105 107 86
Rotom-Mow 50 65 107 105 107 86
Rotom-Wash 50 65 107 105 107 86
Starmie 60 75 85 100 85 115
Krookodile 95 117 80 65 70 92
Gallade 68 125 65 65 115 80
Gardevoir 68 65 65 125 115 80
Aerodactyl 80 105 65 60 75 130
Eelektross 85 115 80 105 80 50
Gigalith 85 135 130 60 80 25
Lickilicky 110 85 95 80 95 50
Porygon2 85 80 90 105 95 60
Roserade 60 70 65 125 105 90
Tentacruel 80 70 65 80 120 100
Yanmega 86 76 86 116 56 95
Avalugg 95 117 184 44 46 28
Ampharos 90 75 85 115 90 55
Braviary 100 123 75 57 75 80
Gliscor 75 95 125 45 75 95
Mandibuzz 110 65 105 55 95 80
Mega-Medicham 60 100 85 80 85 100
Mienshao 65 125 60 95 60 105
Poliwrath 90 95 95 70 90 70
Steelix 75 85 200 55 65 30
Weavile 70 120 65 45 85 125
Zoroark 60 105 60 120 60 105
Seismitoad 105 95 75 85 75 74
Excadrill 110 135 60 50 65 88
Pyroar 86 68 72 109 66 106
Conkeldurr 105 140 95 55 65 45
Honchkrow 100 125 52 105 52 71
Machamp 90 130 80 65 85 55
Nidoking 81 102 77 85 75 85
Nidoqueen 90 92 87 75 85 76
Ninetales 73 76 75 81 100 100
Shuckle 20 10 230 10 230 5
Clawitzer 71 73 88 120 89 63
Hawlucha 78 92 77 74 63 118
Alakazam 55 50 45 135 95 120
Barbaracle 72 105 115 54 86 68
Bronzong 67 89 116 79 116 33
Carbink 50 50 150 50 150 50
Claydol 60 70 105 70 120 75
Donphan 90 120 120 60 60 50
Drapion 70 90 110 60 75 95
Gengar 60 65 60 130 75 110
Golduck 80 82 78 95 80 85
Heracross 80 125 75 40 95 85
Houndoom 75 90 50 110 80 95
Leavanny 75 103 80 70 80 92
Muk 105 105 75 65 100 50
Pinsir 65 125 100 55 70 85
Politoed 90 75 75 90 100 70
Rapidash 65 100 70 80 80 105
Scizor 70 130 100 55 80 65
Scyther 70 110 80 55 80 105
Stoutland 85 110 90 45 90 80
Ursaring 90 130 75 75 75 55
Wailord 170 90 45 90 45 60
Talonflame 78 81 71 74 69 126
Drifblim 150 80 44 90 54 80
Simipour 75 98 63 98 63 101
Simisage 75 98 63 98 63 101
Simisear 75 98 63 98 63 101
Zebstrika 75 100 63 80 63 116
Accelgor 80 70 40 100 60 145
Armaldo 75 125 100 70 80 45
Bastiodon 60 52 168 47 138 30
Carracosta 74 108 133 83 65 32
Cradily 86 81 97 81 107 43
Escavalier 70 135 105 60 105 20
Floatzel 85 105 55 85 50 115
Golem 80 120 130 55 65 45
Kabutops 60 115 105 65 70 80
Magmar 65 95 57 100 85 93
Mismagius 60 60 60 105 105 105
Omastar 70 60 125 115 70 55
Pangoro 95 124 78 69 71 58
Rampardos 97 165 60 65 50 58
Abomasnow 90 92 75 92 85 60
Dragalge 65 75 90 97 123 44
Altaria 75 70 90 70 105 80
Bellossom 75 80 95 90 100 50
Bisharp 65 125 100 60 70 70
Bouffalant 95 110 95 40 95 55
Electabuzz 65 83 57 95 85 105
Exploud 104 91 63 91 73 68
Gothitelle 70 55 95 95 110 65
Kangaskhan 105 95 80 40 80 90
Miltank 95 80 105 40 70 100
Reuniclus 110 65 75 125 85 30
Sigilyph 72 58 80 103 80 97
Slowbro 95 75 110 100 80 30
Slowking 95 75 80 100 110 30
Tauros 75 100 95 40 70 110
Toxicroak 83 106 65 86 65 85
Victreebel 80 105 65 100 70 70
Vileplume 75 80 85 110 90 50
Weezing 65 90 120 85 70 60
Ferrothorn 74 94 131 54 116 20
Scrafty 65 90 115 45 115 58
Unfezant 80 115 80 65 55 93
Musharna 116 55 85 107 95 29
Beartic 95 110 80 70 80 50
Beheeyem 75 75 75 125 95 40
Cryogonal 70 50 30 95 135 105
Druddigon 77 120 90 60 90 48
Gorebyss 55 84 105 114 75 52
Huntail 55 104 105 94 75 52
Raichu 60 90 55 90 80 110
Relicanth 100 90 130 45 65 55
Rhydon 105 130 120 45 45 40
Scolipede 60 100 89 55 69 112
Spiritomb 50 92 108 92 108 35
Staraptor 85 120 70 50 60 100
Durant 58 109 112 48 48 109
Heatmor 85 97 66 105 66 65
Clefable 95 70 73 95 90 60
Cofagrigus 58 50 145 95 105 30
Golurk 89 124 80 55 80 55
Hypno 85 73 70 73 115 67
Ambipom 75 100 66 60 66 115
Malamar 86 92 88 68 75 73
Heliolisk 62 55 52 109 94 109
Darmanitan 105 140 55 30 55 95
Electrode 60 50 70 80 80 140
Froslass 70 80 70 80 70 110
Glalie 80 80 80 80 80 80
Jellicent 100 60 70 85 105 60
Lilligant 70 60 75 110 75 90
Lopunny 65 76 84 54 96 105
Ludicolo 80 70 70 90 100 70
Mega-Mawile 50 105 125 55 95 50
Octillery 75 105 75 105 75 45
Phione 80 80 80 80 80 80
Shiftry 90 100 60 90 60 80
Slurpuff 82 80 86 85 75 72
Whimsicott 60 67 85 77 75 116
Pidgeot 83 80 75 70 70 101
Skuntank 103 93 67 71 61 84
Cacturne 70 115 60 115 60 55
Crustle 70 95 125 65 75 45
Dewgong 90 70 80 70 95 70
Gastrodon 111 83 68 92 82 39
Kingler 55 130 115 50 50 75
Manectric 70 75 60 105 60 105
Sawsbuck 80 100 70 60 70 95
Garbodor 80 95 82 60 82 75
Hariyama 144 120 60 40 60 50
Klefki 58 81 91 81 87 76
Trevenant 85 110 76 65 82 56
Vespiquen 70 80 102 80 102 40
Swanna 75 87 63 87 63 98
Furfrou 75 80 60 65 90 102
Galvantula 70 77 60 97 60 108
Stunfisk 109 66 84 81 99 32
Alomomola 165 75 80 40 45 65
Cinccino 75 95 60 65 60 115
Grumpig 80 45 65 90 110 80
Torkoal 70 85 140 85 70 20
Xatu 65 75 70 95 70 95
Crawdaunt 63 120 85 90 55 55
Whiscash 110 78 73 76 71 60
Swalot 100 73 83 73 83 55
Absol 65 130 60 75 60 75
Forretress 75 90 140 60 60 40
Magneton 50 60 95 120 70 70
Mantine 65 40 70 80 140 70
Sawk 75 125 75 30 75 85
Skarmory 65 80 140 40 70 70
Stantler 73 95 62 85 65 85
Throh 120 100 85 30 85 45
Amoonguss 114 85 70 85 80 30
Aromatisse 101 72 72 99 89 29
Maractus 75 86 67 106 67 60
Breloom 60 130 80 60 60 70
Camerupt 70 100 70 105 75 40
Dodrio 60 110 70 60 60 100
Jumpluff 75 55 70 55 95 110
Lanturn 125 58 58 76 76 67
Lumineon 69 69 76 69 86 91
Sharpedo 70 120 40 95 40 95
Chansey 250 5 5 35 105 50
Diggersby 85 56 77 50 77 78
Azumarill 100 50 80 60 80 50
